,index,Qubits,type,description,budget,copies,shots,nlsp,res_type,seed,abs_error,depth,volume,g
0,0,4,UNITED,Full training,0,3,,1,abs_error,29,0.01188636079159975,64,1024,16
1,1,4,UNITED,Full training,100000,3,55.0,1,abs_error,29,0.3526325989905423,64,1024,16
2,2,4,UNITED,Full training,1000000,3,555.0,1,abs_error,29,0.28367759258512304,64,1024,16
3,3,4,UNITED,Full training,10000000,3,5555.0,1,abs_error,29,0.21293011357652464,64,1024,16
4,4,4,UNITED,Full training,100000000,3,55555.0,1,abs_error,29,0.060748478235188,64,1024,16
5,5,4,UNITED,Full training,1000000000,3,555555.0,1,abs_error,29,0.0707473637202233,64,1024,16
6,6,4,UNITED,Full training,10000000000,3,5555555.0,1,abs_error,29,0.044194567780499294,64,1024,16
7,7,4,UNITED,Full training,100000000000,3,55555555.0,1,abs_error,29,0.03716445354240555,64,1024,16
8,16,4,vnCDR,Full training,0,1,,1,abs_error,29,0.02745290029065775,64,1024,16
9,17,4,vnCDR,Full training,100000,1,333.0,1,abs_error,29,0.33360422101541665,64,1024,16
10,18,4,vnCDR,Full training,1000000,1,3333.0,1,abs_error,29,0.14021476107058467,64,1024,16
11,19,4,vnCDR,Full training,10000000,1,33333.0,1,abs_error,29,0.09128064679232406,64,1024,16
12,20,4,vnCDR,Full training,100000000,1,333333.0,1,abs_error,29,0.04701438106750408,64,1024,16
13,21,4,vnCDR,Full training,1000000000,1,3333333.0,1,abs_error,29,0.08495928659574262,64,1024,16
14,22,4,vnCDR,Full training,10000000000,1,33333333.0,1,abs_error,29,0.05650785675256206,64,1024,16
15,23,4,vnCDR,Full training,100000000000,1,333333333.0,1,abs_error,29,0.053752674997912864,64,1024,16
16,32,6,UNITED,Full training,0,3,,1,abs_error,29,10.030766835650457,96,3456,16
17,33,6,UNITED,Full training,100000,3,55.0,1,abs_error,29,0.3158079769465354,96,3456,16
18,34,6,UNITED,Full training,1000000,3,555.0,1,abs_error,29,0.2900153653916799,96,3456,16
19,35,6,UNITED,Full training,10000000,3,5555.0,1,abs_error,29,0.17599825789525736,96,3456,16
20,36,6,UNITED,Full training,100000000,3,55555.0,1,abs_error,29,0.23198276306337984,96,3456,16
21,37,6,UNITED,Full training,1000000000,3,555555.0,1,abs_error,29,0.21987245219339774,96,3456,16
22,38,6,UNITED,Full training,10000000000,3,5555555.0,1,abs_error,29,0.41944723271461526,96,3456,16
23,39,6,UNITED,Full training,100000000000,3,55555555.0,1,abs_error,29,0.6140254865829807,96,3456,16
24,48,6,vnCDR,Full training,0,1,,1,abs_error,29,20.79446691420901,96,3456,16
25,49,6,vnCDR,Full training,100000,1,333.0,1,abs_error,29,0.27841552796169167,96,3456,16
26,50,6,vnCDR,Full training,1000000,1,3333.0,1,abs_error,29,0.2879594925460991,96,3456,16
27,51,6,vnCDR,Full training,10000000,1,33333.0,1,abs_error,29,0.14458192210085444,96,3456,16
28,52,6,vnCDR,Full training,100000000,1,333333.0,1,abs_error,29,0.1862069831042064,96,3456,16
29,53,6,vnCDR,Full training,1000000000,1,3333333.0,1,abs_error,29,0.19354131924714474,96,3456,16
30,54,6,vnCDR,Full training,10000000000,1,33333333.0,1,abs_error,29,0.752395003072518,96,3456,16
31,55,6,vnCDR,Full training,100000000000,1,333333333.0,1,abs_error,29,0.510036973630837,96,3456,16
32,64,8,UNITED,Full training,0,3,,1,abs_error,29,31975.95768685407,128,8192,16
33,65,8,UNITED,Full training,100000,3,55.0,1,abs_error,29,0.2507870937615052,128,8192,16
34,66,8,UNITED,Full training,1000000,3,555.0,1,abs_error,29,0.11216592085387332,128,8192,16
35,67,8,UNITED,Full training,10000000,3,5555.0,1,abs_error,29,0.1107849762563823,128,8192,16
36,68,8,UNITED,Full training,100000000,3,55555.0,1,abs_error,29,0.11799601953308837,128,8192,16
37,69,8,UNITED,Full training,1000000000,3,555555.0,1,abs_error,29,0.21304749078162238,128,8192,16
38,70,8,UNITED,Full training,10000000000,3,5555555.0,1,abs_error,29,0.19826321792754914,128,8192,16
39,71,8,UNITED,Full training,100000000000,3,55555555.0,1,abs_error,29,0.3242230516985796,128,8192,16
40,80,8,vnCDR,Full training,0,1,,1,abs_error,29,39916.73686232789,128,8192,16
41,81,8,vnCDR,Full training,100000,1,333.0,1,abs_error,29,0.1226859709742262,128,8192,16
42,82,8,vnCDR,Full training,1000000,1,3333.0,1,abs_error,29,0.10047164395558053,128,8192,16
43,83,8,vnCDR,Full training,10000000,1,33333.0,1,abs_error,29,0.11516612422810214,128,8192,16
44,84,8,vnCDR,Full training,100000000,1,333333.0,1,abs_error,29,0.22372158900700845,128,8192,16
45,85,8,vnCDR,Full training,1000000000,1,3333333.0,1,abs_error,29,0.21199324300214628,128,8192,16
46,86,8,vnCDR,Full training,10000000000,1,33333333.0,1,abs_error,29,0.2677258782541268,128,8192,16
47,87,8,vnCDR,Full training,100000000000,1,333333333.0,1,abs_error,29,10.621452379440472,128,8192,16
48,96,10,UNITED,Full training,0,3,,1,abs_error,29,0.0038480819921687948,10,1000,1
49,97,10,UNITED,Full training,100000,3,55.0,1,abs_error,29,0.31561919123207427,10,1000,1
50,98,10,UNITED,Full training,1000000,3,555.0,1,abs_error,29,0.13725001488461946,10,1000,1
51,99,10,UNITED,Full training,10000000,3,5555.0,1,abs_error,29,0.05347096813485791,10,1000,1
52,100,10,UNITED,Full training,100000000,3,55555.0,1,abs_error,29,0.014580539782244075,10,1000,1
53,101,10,UNITED,Full training,1000000000,3,555555.0,1,abs_error,29,0.008499149302248765,10,1000,1
54,102,10,UNITED,Full training,10000000000,3,5555555.0,1,abs_error,29,0.015485988863256028,10,1000,1
55,103,10,UNITED,Full training,100000000000,3,55555555.0,1,abs_error,29,0.008117590519270246,10,1000,1
56,112,10,vnCDR,Full training,0,1,,1,abs_error,29,0.008867034305010152,10,1000,1
57,113,10,vnCDR,Full training,100000,1,333.0,1,abs_error,29,0.1614611504913116,10,1000,1
58,114,10,vnCDR,Full training,1000000,1,3333.0,1,abs_error,29,0.04865011118793944,10,1000,1
59,115,10,vnCDR,Full training,10000000,1,33333.0,1,abs_error,29,0.023923505350506385,10,1000,1
60,116,10,vnCDR,Full training,100000000,1,333333.0,1,abs_error,29,0.006740656378328533,10,1000,1
61,117,10,vnCDR,Full training,1000000000,1,3333333.0,1,abs_error,29,0.00882865733384585,10,1000,1
62,118,10,vnCDR,Full training,10000000000,1,33333333.0,1,abs_error,29,0.00890545492953454,10,1000,1
63,119,10,vnCDR,Full training,100000000000,1,333333333.0,1,abs_error,29,0.00879541082450399,10,1000,1
64,8,4,UNITED,Reduced training,0,3,,1,abs_error,29,0.013645231378523581,64,1024,16
65,9,4,UNITED,Reduced training,10000,3,55.0,1,abs_error,29,0.46126480312706997,64,1024,16
66,10,4,UNITED,Reduced training,100000,3,555.0,1,abs_error,29,0.23978315005148598,64,1024,16
67,11,4,UNITED,Reduced training,1000000,3,5555.0,1,abs_error,29,0.18031983698376544,64,1024,16
68,12,4,UNITED,Reduced training,10000000,3,55555.0,1,abs_error,29,0.07042707621690396,64,1024,16
69,13,4,UNITED,Reduced training,100000000,3,555555.0,1,abs_error,29,0.07019784373620064,64,1024,16
70,14,4,UNITED,Reduced training,1000000000,3,5555555.0,1,abs_error,29,0.04411250236391166,64,1024,16
71,15,4,UNITED,Reduced training,10000000000,3,55555555.0,1,abs_error,29,0.038310016458337065,64,1024,16
72,24,4,vnCDR,Reduced training,0,1,,1,abs_error,29,0.02869574149091891,64,1024,16
73,25,4,vnCDR,Reduced training,10000,1,333.0,1,abs_error,29,0.3506527475188045,64,1024,16
74,26,4,vnCDR,Reduced training,100000,1,3333.0,1,abs_error,29,0.1611545131565108,64,1024,16
75,27,4,vnCDR,Reduced training,1000000,1,33333.0,1,abs_error,29,0.09135467870792491,64,1024,16
76,28,4,vnCDR,Reduced training,10000000,1,333333.0,1,abs_error,29,0.04583392733888475,64,1024,16
77,29,4,vnCDR,Reduced training,100000000,1,3333333.0,1,abs_error,29,0.07973589452692666,64,1024,16
78,30,4,vnCDR,Reduced training,1000000000,1,33333333.0,1,abs_error,29,0.05551278034348696,64,1024,16
79,31,4,vnCDR,Reduced training,10000000000,1,333333333.0,1,abs_error,29,0.052748754944922024,64,1024,16
80,40,6,UNITED,Reduced training,0,3,,1,abs_error,29,9.31433788268754,96,3456,16
81,41,6,UNITED,Reduced training,10000,3,55.0,1,abs_error,29,0.3768905417153994,96,3456,16
82,42,6,UNITED,Reduced training,100000,3,555.0,1,abs_error,29,0.2803200706147314,96,3456,16
83,43,6,UNITED,Reduced training,1000000,3,5555.0,1,abs_error,29,0.17496305208917795,96,3456,16
84,44,6,UNITED,Reduced training,10000000,3,55555.0,1,abs_error,29,0.23219429979205203,96,3456,16
85,45,6,UNITED,Reduced training,100000000,3,555555.0,1,abs_error,29,0.19536986152004476,96,3456,16
86,46,6,UNITED,Reduced training,1000000000,3,5555555.0,1,abs_error,29,0.4360697816048149,96,3456,16
87,47,6,UNITED,Reduced training,10000000000,3,55555555.0,1,abs_error,29,0.6255803190734506,96,3456,16
88,56,6,vnCDR,Reduced training,0,1,,1,abs_error,29,20.68676461349308,96,3456,16
89,57,6,vnCDR,Reduced training,10000,1,333.0,1,abs_error,29,0.3089821448942639,96,3456,16
90,58,6,vnCDR,Reduced training,100000,1,3333.0,1,abs_error,29,0.27191469657164774,96,3456,16
91,59,6,vnCDR,Reduced training,1000000,1,33333.0,1,abs_error,29,0.14514651808857654,96,3456,16
92,60,6,vnCDR,Reduced training,10000000,1,333333.0,1,abs_error,29,0.18883152669810277,96,3456,16
93,61,6,vnCDR,Reduced training,100000000,1,3333333.0,1,abs_error,29,0.19055712578816553,96,3456,16
94,62,6,vnCDR,Reduced training,1000000000,1,33333333.0,1,abs_error,29,0.7464326132400552,96,3456,16
95,63,6,vnCDR,Reduced training,10000000000,1,333333333.0,1,abs_error,29,0.5093186416197638,96,3456,16
96,72,8,UNITED,Reduced training,0,3,,1,abs_error,29,36890.90506393152,128,8192,16
97,73,8,UNITED,Reduced training,10000,3,55.0,1,abs_error,29,0.32032031103853353,128,8192,16
98,74,8,UNITED,Reduced training,100000,3,555.0,1,abs_error,29,0.12566825662548356,128,8192,16
99,75,8,UNITED,Reduced training,1000000,3,5555.0,1,abs_error,29,0.12850907849613008,128,8192,16
100,76,8,UNITED,Reduced training,10000000,3,55555.0,1,abs_error,29,0.11903835547818485,128,8192,16
101,77,8,UNITED,Reduced training,100000000,3,555555.0,1,abs_error,29,0.21329810246362835,128,8192,16
102,78,8,UNITED,Reduced training,1000000000,3,5555555.0,1,abs_error,29,0.19657850747166639,128,8192,16
103,79,8,UNITED,Reduced training,10000000000,3,55555555.0,1,abs_error,29,0.33374198824343587,128,8192,16
104,88,8,vnCDR,Reduced training,0,1,,1,abs_error,29,41275.22846528165,128,8192,16
105,89,8,vnCDR,Reduced training,10000,1,333.0,1,abs_error,29,0.12541022966163667,128,8192,16
106,90,8,vnCDR,Reduced training,100000,1,3333.0,1,abs_error,29,0.09970802303459049,128,8192,16
107,91,8,vnCDR,Reduced training,1000000,1,33333.0,1,abs_error,29,0.11374482602073559,128,8192,16
108,92,8,vnCDR,Reduced training,10000000,1,333333.0,1,abs_error,29,0.21919684190224892,128,8192,16
109,93,8,vnCDR,Reduced training,100000000,1,3333333.0,1,abs_error,29,0.21722680771742897,128,8192,16
110,94,8,vnCDR,Reduced training,1000000000,1,33333333.0,1,abs_error,29,0.2698477023389032,128,8192,16
111,95,8,vnCDR,Reduced training,10000000000,1,333333333.0,1,abs_error,29,10.691371835132799,128,8192,16
112,104,10,UNITED,Reduced training,0,3,,1,abs_error,29,0.0038582173688556654,10,1000,1
113,105,10,UNITED,Reduced training,10000,3,55.0,1,abs_error,29,0.28843189497432553,10,1000,1
114,106,10,UNITED,Reduced training,100000,3,555.0,1,abs_error,29,0.10328967178231235,10,1000,1
115,107,10,UNITED,Reduced training,1000000,3,5555.0,1,abs_error,29,0.08473970130579392,10,1000,1
116,108,10,UNITED,Reduced training,10000000,3,55555.0,1,abs_error,29,0.01680219338035771,10,1000,1
117,109,10,UNITED,Reduced training,100000000,3,555555.0,1,abs_error,29,0.008978361522874345,10,1000,1
118,110,10,UNITED,Reduced training,1000000000,3,5555555.0,1,abs_error,29,0.013169590055976732,10,1000,1
119,111,10,UNITED,Reduced training,10000000000,3,55555555.0,1,abs_error,29,0.00801955690967443,10,1000,1
120,120,10,vnCDR,Reduced training,0,1,,1,abs_error,29,0.008979572182730905,10,1000,1
121,121,10,vnCDR,Reduced training,10000,1,333.0,1,abs_error,29,0.15197827663764174,10,1000,1
122,122,10,vnCDR,Reduced training,100000,1,3333.0,1,abs_error,29,0.04422405488356468,10,1000,1
123,123,10,vnCDR,Reduced training,1000000,1,33333.0,1,abs_error,29,0.013365344026710413,10,1000,1
124,124,10,vnCDR,Reduced training,10000000,1,333333.0,1,abs_error,29,0.0068812709825451235,10,1000,1
125,125,10,vnCDR,Reduced training,100000000,1,3333333.0,1,abs_error,29,0.008876096329920244,10,1000,1
126,126,10,vnCDR,Reduced training,1000000000,1,33333333.0,1,abs_error,29,0.00902839551579726,10,1000,1
127,127,10,vnCDR,Reduced training,10000000000,1,333333333.0,1,abs_error,29,0.008902738740388133,10,1000,1
