,index,Qubits,type,description,budget,g,copies,abs_error,depth,volume
0,0,4,UNITED,Full training,0,1,3.0,0.0004277472453048626,4.0,64.0
1,2,4,UNITED,Full training,100000,1,3.0,0.0783849722428498,4.0,64.0
2,4,4,UNITED,Full training,1000000,1,3.0,0.024847225207257868,4.0,64.0
3,6,4,UNITED,Full training,10000000,1,3.0,0.011040004424722326,4.0,64.0
4,8,4,UNITED,Full training,100000000,1,3.0,0.004714136181339107,4.0,64.0
5,10,4,UNITED,Full training,1000000000,1,3.0,0.0008609709823097462,4.0,64.0
6,12,4,UNITED,Full training,10000000000,1,3.0,0.0005832935382008087,4.0,64.0
7,14,4,UNITED,Full training,100000000000,1,3.0,0.0004130928617374054,4.0,64.0
8,32,4,vnCDR,Full training,0,1,1.0,0.0005191854984459048,4.0,64.0
9,34,4,vnCDR,Full training,100000,1,1.0,0.04012176352479487,4.0,64.0
10,36,4,vnCDR,Full training,1000000,1,1.0,0.016832834575724372,4.0,64.0
11,38,4,vnCDR,Full training,10000000,1,1.0,0.0031015253590034367,4.0,64.0
12,40,4,vnCDR,Full training,100000000,1,1.0,0.001499659547120409,4.0,64.0
13,42,4,vnCDR,Full training,1000000000,1,1.0,0.0007560145125861407,4.0,64.0
14,44,4,vnCDR,Full training,10000000000,1,1.0,0.0005815393432277704,4.0,64.0
15,46,4,vnCDR,Full training,100000000000,1,1.0,0.0005273597592891482,4.0,64.0
16,64,6,UNITED,Full training,0,1,3.0,0.0006376630446836313,6.0,216.0
17,66,6,UNITED,Full training,100000,1,3.0,0.06983357244794827,6.0,216.0
18,68,6,UNITED,Full training,1000000,1,3.0,0.03186582354120658,6.0,216.0
19,70,6,UNITED,Full training,10000000,1,3.0,0.017713861176328238,6.0,216.0
20,72,6,UNITED,Full training,100000000,1,3.0,0.004190542675978684,6.0,216.0
21,74,6,UNITED,Full training,1000000000,1,3.0,0.0021606746061869314,6.0,216.0
22,76,6,UNITED,Full training,10000000000,1,3.0,0.0009489888453966014,6.0,216.0
23,78,6,UNITED,Full training,100000000000,1,3.0,0.0008277612509291247,6.0,216.0
24,96,6,vnCDR,Full training,0,1,1.0,0.0009198168108779734,6.0,216.0
25,98,6,vnCDR,Full training,100000,1,1.0,0.04002377490153604,6.0,216.0
26,100,6,vnCDR,Full training,1000000,1,1.0,0.018142043111959032,6.0,216.0
27,102,6,vnCDR,Full training,10000000,1,1.0,0.003181397264706615,6.0,216.0
28,104,6,vnCDR,Full training,100000000,1,1.0,0.0016777252511770745,6.0,216.0
29,106,6,vnCDR,Full training,1000000000,1,1.0,0.001019499947436968,6.0,216.0
30,108,6,vnCDR,Full training,10000000000,1,1.0,0.0008939903858565197,6.0,216.0
31,110,6,vnCDR,Full training,100000000000,1,1.0,0.0008974200609579405,6.0,216.0
32,128,8,UNITED,Full training,0,1,3.0,0.0008941908313095454,8.0,512.0
33,130,8,UNITED,Full training,100000,1,3.0,0.11301571384561736,8.0,512.0
34,132,8,UNITED,Full training,1000000,1,3.0,0.036839063340946186,8.0,512.0
35,134,8,UNITED,Full training,10000000,1,3.0,0.013029178697927078,8.0,512.0
36,136,8,UNITED,Full training,100000000,1,3.0,0.004087983767875709,8.0,512.0
37,138,8,UNITED,Full training,1000000000,1,3.0,0.0022621628354907585,8.0,512.0
38,140,8,UNITED,Full training,10000000000,1,3.0,0.0014756175151373063,8.0,512.0
39,142,8,UNITED,Full training,100000000000,1,3.0,0.0009447503739634471,8.0,512.0
40,160,8,vnCDR,Full training,0,1,1.0,0.0019094044457994815,8.0,512.0
41,162,8,vnCDR,Full training,100000,1,1.0,0.04284338193039467,8.0,512.0
42,164,8,vnCDR,Full training,1000000,1,1.0,0.022359852869285952,8.0,512.0
43,166,8,vnCDR,Full training,10000000,1,1.0,0.004977182244696112,8.0,512.0
44,168,8,vnCDR,Full training,100000000,1,1.0,0.002602424393120508,8.0,512.0
45,170,8,vnCDR,Full training,1000000000,1,1.0,0.0019696521462344613,8.0,512.0
46,172,8,vnCDR,Full training,10000000000,1,1.0,0.0019520953331378054,8.0,512.0
47,174,8,vnCDR,Full training,100000000000,1,1.0,0.0018927536031933486,8.0,512.0
48,192,10,UNITED,Full training,0,1,3.0,0.00121059283209049,10.0,1000.0
49,193,10,UNITED,Full training,100000,1,3.0,0.08480393953548956,10.0,1000.0
50,194,10,UNITED,Full training,1000000,1,3.0,0.035624377475388096,10.0,1000.0
51,195,10,UNITED,Full training,10000000,1,3.0,0.013801030568684989,10.0,1000.0
52,196,10,UNITED,Full training,100000000,1,3.0,0.0065480024860080505,10.0,1000.0
53,197,10,UNITED,Full training,1000000000,1,3.0,0.0022399725162395782,10.0,1000.0
54,198,10,UNITED,Full training,10000000000,1,3.0,0.00332183769255766,10.0,1000.0
55,199,10,UNITED,Full training,100000000000,1,3.0,0.0022227800083129173,10.0,1000.0
56,208,10,vnCDR,Full training,0,1,1.0,0.0018824098914432665,10.0,1000.0
57,209,10,vnCDR,Full training,100000,1,1.0,0.05468369951979248,10.0,1000.0
58,210,10,vnCDR,Full training,1000000,1,1.0,0.014797342847061478,10.0,1000.0
59,211,10,vnCDR,Full training,10000000,1,1.0,0.006245886336465381,10.0,1000.0
60,212,10,vnCDR,Full training,100000000,1,1.0,0.002536498565600823,10.0,1000.0
61,213,10,vnCDR,Full training,1000000000,1,1.0,0.0020388912633669937,10.0,1000.0
62,214,10,vnCDR,Full training,10000000000,1,1.0,0.001886303161637079,10.0,1000.0
63,215,10,vnCDR,Full training,100000000000,1,1.0,0.0018829448195488208,10.0,1000.0
64,16,4,UNITED,Reduced training,0,1,3.0,0.00043717101512425144,4.0,64.0
65,18,4,UNITED,Reduced training,10000,1,3.0,0.08707796557859668,4.0,64.0
66,20,4,UNITED,Reduced training,100000,1,3.0,0.026579759268311066,4.0,64.0
67,22,4,UNITED,Reduced training,1000000,1,3.0,0.010974007390041226,4.0,64.0
68,24,4,UNITED,Reduced training,10000000,1,3.0,0.0051278381862264865,4.0,64.0
69,26,4,UNITED,Reduced training,100000000,1,3.0,0.0008232188031846021,4.0,64.0
70,28,4,UNITED,Reduced training,1000000000,1,3.0,0.0005715519976818595,4.0,64.0
71,30,4,UNITED,Reduced training,10000000000,1,3.0,0.00042126800104672275,4.0,64.0
72,48,4,vnCDR,Reduced training,0,1,1.0,0.0005081871230899985,4.0,64.0
73,50,4,vnCDR,Reduced training,10000,1,1.0,0.04152813855759705,4.0,64.0
74,52,4,vnCDR,Reduced training,100000,1,1.0,0.017778529329473734,4.0,64.0
75,54,4,vnCDR,Reduced training,1000000,1,1.0,0.0031331636176962652,4.0,64.0
76,56,4,vnCDR,Reduced training,10000000,1,1.0,0.001576378917097437,4.0,64.0
77,58,4,vnCDR,Reduced training,100000000,1,1.0,0.0007695515065568731,4.0,64.0
78,60,4,vnCDR,Reduced training,1000000000,1,1.0,0.0005716350074201834,4.0,64.0
79,62,4,vnCDR,Reduced training,10000000000,1,1.0,0.0005163336605834834,4.0,64.0
80,80,6,UNITED,Reduced training,0,1,3.0,0.0006465035157241559,6.0,216.0
81,82,6,UNITED,Reduced training,10000,1,3.0,0.0856815007433509,6.0,216.0
82,84,6,UNITED,Reduced training,100000,1,3.0,0.02934776205161775,6.0,216.0
83,86,6,UNITED,Reduced training,1000000,1,3.0,0.016694372345775414,6.0,216.0
84,88,6,UNITED,Reduced training,10000000,1,3.0,0.00494073547161632,6.0,216.0
85,90,6,UNITED,Reduced training,100000000,1,3.0,0.0019209421824533486,6.0,216.0
86,92,6,UNITED,Reduced training,1000000000,1,3.0,0.0009068038614954352,6.0,216.0
87,94,6,UNITED,Reduced training,10000000000,1,3.0,0.0008678438907259758,6.0,216.0
88,112,6,vnCDR,Reduced training,0,1,1.0,0.0009347511742562652,6.0,216.0
89,114,6,vnCDR,Reduced training,10000,1,1.0,0.03551556429629852,6.0,216.0
90,116,6,vnCDR,Reduced training,100000,1,1.0,0.01949308291092643,6.0,216.0
91,118,6,vnCDR,Reduced training,1000000,1,1.0,0.002885320124783908,6.0,216.0
92,120,6,vnCDR,Reduced training,10000000,1,1.0,0.001777849312112198,6.0,216.0
93,122,6,vnCDR,Reduced training,100000000,1,1.0,0.000977903183178033,6.0,216.0
94,124,6,vnCDR,Reduced training,1000000000,1,1.0,0.0009076675533808001,6.0,216.0
95,126,6,vnCDR,Reduced training,10000000000,1,1.0,0.0009142846843168459,6.0,216.0
96,144,8,UNITED,Reduced training,0,1,3.0,0.0009298808195764906,8.0,512.0
97,146,8,UNITED,Reduced training,10000,1,3.0,0.12815167739235353,8.0,512.0
98,148,8,UNITED,Reduced training,100000,1,3.0,0.031994094272499114,8.0,512.0
99,150,8,UNITED,Reduced training,1000000,1,3.0,0.012686301198145166,8.0,512.0
100,152,8,UNITED,Reduced training,10000000,1,3.0,0.0045324001918380765,8.0,512.0
101,154,8,UNITED,Reduced training,100000000,1,3.0,0.002335438862903995,8.0,512.0
102,156,8,UNITED,Reduced training,1000000000,1,3.0,0.0013345586907341806,8.0,512.0
103,158,8,UNITED,Reduced training,10000000000,1,3.0,0.0009485598882539593,8.0,512.0
104,176,8,vnCDR,Reduced training,0,1,1.0,0.0018929238787743672,8.0,512.0
105,178,8,vnCDR,Reduced training,10000,1,1.0,0.0488390153250933,8.0,512.0
106,180,8,vnCDR,Reduced training,100000,1,1.0,0.02118503031414971,8.0,512.0
107,182,8,vnCDR,Reduced training,1000000,1,1.0,0.004698103197616762,8.0,512.0
108,184,8,vnCDR,Reduced training,10000000,1,1.0,0.002541766856958125,8.0,512.0
109,186,8,vnCDR,Reduced training,100000000,1,1.0,0.0019324017534821717,8.0,512.0
110,188,8,vnCDR,Reduced training,1000000000,1,1.0,0.0019387906707232702,8.0,512.0
111,190,8,vnCDR,Reduced training,10000000000,1,1.0,0.0018763738654097037,8.0,512.0
112,200,10,UNITED,Reduced training,0,1,3.0,0.0011620026226442101,10.0,1000.0
113,201,10,UNITED,Reduced training,10000,1,3.0,0.0824727705937976,10.0,1000.0
114,202,10,UNITED,Reduced training,100000,1,3.0,0.02854384166499169,10.0,1000.0
115,203,10,UNITED,Reduced training,1000000,1,3.0,0.020173096919734925,10.0,1000.0
116,204,10,UNITED,Reduced training,10000000,1,3.0,0.006753724311959269,10.0,1000.0
117,205,10,UNITED,Reduced training,100000000,1,3.0,0.0024242548859017676,10.0,1000.0
118,206,10,UNITED,Reduced training,1000000000,1,3.0,0.0034690648517369705,10.0,1000.0
119,207,10,UNITED,Reduced training,10000000000,1,3.0,0.0022446140645755565,10.0,1000.0
120,216,10,vnCDR,Reduced training,0,1,1.0,0.0018880329525397324,10.0,1000.0
121,217,10,vnCDR,Reduced training,10000,1,1.0,0.04994941809478389,10.0,1000.0
122,218,10,vnCDR,Reduced training,100000,1,1.0,0.01462499789914348,10.0,1000.0
123,219,10,vnCDR,Reduced training,1000000,1,1.0,0.005210109387262259,10.0,1000.0
124,220,10,vnCDR,Reduced training,10000000,1,1.0,0.002588857403872769,10.0,1000.0
125,221,10,vnCDR,Reduced training,100000000,1,1.0,0.0020337048500843604,10.0,1000.0
126,222,10,vnCDR,Reduced training,1000000000,1,1.0,0.0018898358765063249,10.0,1000.0
127,223,10,vnCDR,Reduced training,10000000000,1,1.0,0.0018879263160285096,10.0,1000.0
